# step, loss_train, loss_test, metrics_test
0.000000000000000000e+00 4.720124006271362305e-01 1.580808401107788086e+00 3.167240917682647705e-01 9.801000356674194336e-01 9.999999747378751636e-05 0.000000000000000000e+00 4.720124006271362305e-01 1.580808401107788086e+00 3.167240917682647705e-01 9.801000356674194336e-01 9.999999747378751636e-05 0.000000000000000000e+00
1.000000000000000000e+03 2.018847408180590719e-05 1.828758286137599498e-05 3.640779823399498127e-06 2.726267211983213201e-09 1.749264271211359301e-07 1.003464117355079566e-10 2.018847408180590719e-05 1.828758286137599498e-05 3.640779823399498127e-06 2.726267211983213201e-09 1.749264271211359301e-07 1.003464117355079566e-10
2.000000000000000000e+03 1.050235641741892323e-05 1.013461587717756629e-05 3.366241969615657581e-07 9.904397302307188511e-10 1.515525411832641112e-07 2.797775899843202296e-12 1.050235641741892323e-05 1.013461587717756629e-05 3.366241969615657581e-07 9.904397302307188511e-10 1.515525411832641112e-07 2.797775899843202296e-12
3.000000000000000000e+03 6.752491117367753759e-06 6.741837296431185678e-06 1.023297997448935348e-07 4.131130992846010486e-10 1.409414664976793574e-07 1.798561299892753595e-14 6.752491117367753759e-06 6.741837296431185678e-06 1.023297997448935348e-07 4.131130992846010486e-10 1.409414664976793574e-07 1.798561299892753595e-14
4.000000000000000000e+03 4.966395863448269665e-06 9.110316568694543093e-06 1.126710102994366025e-07 9.276881485220656032e-10 1.074183018090479891e-07 2.739510007732093300e-13 4.966395863448269665e-06 9.110316568694543093e-06 1.126710102994366025e-07 9.276881485220656032e-10 1.074183018090479891e-07 2.739510007732093300e-13
5.000000000000000000e+03 3.430780225244234316e-06 1.241426343767670915e-05 1.067671462351427181e-07 2.035879020922948257e-09 7.048161876355152344e-08 2.246054592314195020e-10 3.430780225244234316e-06 1.241426343767670915e-05 1.067671462351427181e-07 2.035879020922948257e-09 7.048161876355152344e-08 2.246054592314195020e-10
6.000000000000000000e+03 3.393164433873607777e-06 1.578872615937143564e-05 2.009273600833694218e-07 3.059540176764130592e-09 4.954788579425439821e-08 3.972169815291692885e-12 3.393164433873607777e-06 1.578872615937143564e-05 2.009273600833694218e-07 3.059540176764130592e-09 4.954788579425439821e-08 3.972169815291692885e-12
7.000000000000000000e+03 2.630671588121913373e-06 1.533240902062971145e-05 1.836202159211097751e-07 3.761758904374801205e-09 4.179198853648813383e-08 1.599557292175646239e-10 2.630671588121913373e-06 1.533240902062971145e-05 1.836202159211097751e-07 3.761758904374801205e-09 4.179198853648813383e-08 1.599557292175646239e-10
8.000000000000000000e+03 2.769965249171946198e-06 1.619905742700211704e-05 3.837213853330467828e-07 4.385189100730713108e-09 4.029507749692129437e-08 4.824309840500973223e-10 2.769965249171946198e-06 1.619905742700211704e-05 3.837213853330467828e-07 4.385189100730713108e-09 4.029507749692129437e-08 4.824309840500973223e-10
9.000000000000000000e+03 9.836388926487416029e-06 2.658834273461252451e-05 2.278836109326221049e-05 2.453955971759569366e-07 1.545386538737147930e-07 3.954610576784034492e-07 9.836388926487416029e-06 2.658834273461252451e-05 2.278836109326221049e-05 2.453955971759569366e-07 1.545386538737147930e-07 3.954610576784034492e-07
1.000000000000000000e+04 1.639128413444268517e-06 1.780783532012719661e-05 5.018725005356827751e-06 9.572866019880166277e-07 6.204102476203843253e-08 4.721345536751186955e-09 1.639128413444268517e-06 1.780783532012719661e-05 5.018725005356827751e-06 9.572866019880166277e-07 6.204102476203843253e-08 4.721345536751186955e-09
1.100000000000000000e+04 2.019758767346502282e-06 1.505410818936070427e-05 2.930471737272455357e-06 3.157237244977295632e-07 1.398394999796437332e-08 7.809987323526002001e-09 2.019758767346502282e-06 1.505410818936070427e-05 2.930471737272455357e-06 3.157237244977295632e-07 1.398394999796437332e-08 7.809987323526002001e-09
1.200000000000000000e+04 1.489043370384024456e-06 1.203141437144950032e-05 2.552820888013229705e-07 1.449739670533745084e-07 6.543948938286803241e-09 2.048761854611669264e-10 1.489043370384024456e-06 1.203141437144950032e-05 2.552820888013229705e-07 1.449739670533745084e-07 6.543948938286803241e-09 2.048761854611669264e-10
1.300000000000000000e+04 1.515042413302580826e-06 9.885229701467324048e-06 1.527520367972101667e-07 2.002265375722345198e-08 5.549449788588844967e-09 4.090342287099701934e-09 1.515042413302580826e-06 9.885229701467324048e-06 1.527520367972101667e-07 2.002265375722345198e-08 5.549449788588844967e-09 4.090342287099701934e-09
1.400000000000000000e+04 8.291686413031129632e-07 6.379722890414996073e-06 1.179781961013759428e-07 2.498660478522651829e-08 3.967716155628409069e-10 9.359027330901881214e-09 8.291686413031129632e-07 6.379722890414996073e-06 1.179781961013759428e-07 2.498660478522651829e-08 3.967716155628409069e-10 9.359027330901881214e-09
1.500000000000000000e+04 4.006404878964531235e-07 2.611775471450528130e-06 1.401250528942910023e-07 7.881375552187819267e-10 9.438129167094189143e-10 2.857284721324848675e-14 4.006404878964531235e-07 2.611775471450528130e-06 1.401250528942910023e-07 7.881375552187819267e-10 9.438129167094189143e-10 2.857284721324848675e-14
1.600000000000000000e+04 4.505668300680554239e-07 1.098212351280380972e-06 1.855946010209663655e-07 8.433277116637327708e-07 4.250785323733907717e-08 2.665965670445302749e-09 4.505668300680554239e-07 1.098212351280380972e-06 1.855946010209663655e-07 8.433277116637327708e-07 4.250785323733907717e-08 2.665965670445302749e-09
1.700000000000000000e+04 8.566910878471389879e-07 8.917845093492360320e-07 1.991515773624996655e-06 1.532910573587287217e-06 4.785603380241809646e-08 6.287959877226967365e-06 8.566910878471389879e-07 8.917845093492360320e-07 1.991515773624996655e-06 1.532910573587287217e-06 4.785603380241809646e-08 6.287959877226967365e-06
1.800000000000000000e+04 1.916732372819751617e-07 4.363069194823765429e-07 4.323825351093546487e-07 2.635014880070229992e-06 2.570719459527026629e-08 3.904377976482464874e-08 1.916732372819751617e-07 4.363069194823765429e-07 4.323825351093546487e-07 2.635014880070229992e-06 2.570719459527026629e-08 3.904377976482464874e-08
1.900000000000000000e+04 1.051782234640086244e-07 1.581951067919362686e-07 2.718893910014230642e-08 3.624123223744390998e-11 1.052100739862282808e-09 1.700652119129841822e-11 1.051782234640086244e-07 1.581951067919362686e-07 2.718893910014230642e-08 3.624123223744390998e-11 1.052100739862282808e-09 1.700652119129841822e-11
2.000000000000000000e+04 5.476078058563871309e-06 1.136723881245416123e-06 5.906098067498533055e-06 9.685163604444824159e-07 1.742959767625507084e-07 3.471696174983662786e-07 5.476078058563871309e-06 1.136723881245416123e-06 5.906098067498533055e-06 9.685163604444824159e-07 1.742959767625507084e-07 3.471696174983662786e-07
