# step, loss_train, loss_test, metrics_test
0.000000000000000000e+00 3.911674953997135162e-03 7.494384050369262695e-02 4.772819951176643372e-02 9.801000356674194336e-01 9.999999747378751636e-05 0.000000000000000000e+00 3.531933994963765144e-03 7.626380026340484619e-02 4.836178570985794067e-02 9.801000356674194336e-01 9.999999747378751636e-05 0.000000000000000000e+00
1.000000000000000000e+03 1.538731339678633958e-05 1.274377609661314636e-05 2.664558849119202932e-07 2.459273673593997955e-09 3.213563388726470293e-07 9.024031522031350505e-13 7.176858161983545870e-06 1.291343869525007904e-05 2.428184586733550532e-07 2.459273673593997955e-09 3.213563388726470293e-07 9.024031522031350505e-13
2.000000000000000000e+03 9.082043106900528073e-06 2.670601134013850242e-05 1.357609136221071822e-07 1.213288669532630593e-08 7.658898937279445818e-08 1.964596020587183745e-12 5.953105755907017738e-06 2.700855475268326700e-05 1.218631524579905090e-07 1.213288669532630593e-08 7.658898937279445818e-08 1.964596020587183745e-12
3.000000000000000000e+03 9.302956641477067024e-06 2.247880001959856600e-05 1.830992346185666975e-06 1.042497288494814711e-08 1.201606636413998785e-07 2.369583640415839909e-09 7.598133379360660911e-06 2.272827077831607312e-05 1.828160293371183798e-06 1.042497288494814711e-08 1.201606636413998785e-07 2.369583640415839909e-09
4.000000000000000000e+03 4.515463842835742980e-06 2.426587161608040333e-05 2.978604243253357708e-07 1.722641229662258411e-08 4.844213563615085150e-08 7.609749635983931171e-12 3.469029479674645700e-06 2.441184369672555476e-05 2.762598114713910036e-07 1.722641229662258411e-08 4.844213563615085150e-08 7.609749635983931171e-12
5.000000000000000000e+03 2.168733590224292129e-05 1.770676681189797819e-05 1.388478995067998767e-05 4.143885234952904284e-09 7.620698028176775551e-08 3.540900195275753504e-08 2.124119237123522907e-05 1.769789741956628859e-05 1.386898293276317418e-05 4.143885234952904284e-09 7.620698028176775551e-08 3.540900195275753504e-08
6.000000000000000000e+03 3.329708306409884244e-06 1.931643055286258459e-05 4.601032287609996274e-06 2.946762833744287491e-08 8.857598032818714273e-08 3.406228188396198675e-09 2.974797098431736231e-06 1.931350016093347222e-05 4.570409601001301780e-06 2.946762833744287491e-08 8.857598032818714273e-08 3.406228188396198675e-09
7.000000000000000000e+03 2.010574007726972923e-06 1.370515201415400952e-05 7.034274744910362642e-07 9.026862812788749579e-09 3.294761130590018183e-10 8.228140391253191410e-14 1.817701331674470566e-06 1.358995450573274866e-05 6.527216100948862731e-07 9.026862812788749579e-09 3.294761130590018183e-10 8.228140391253191410e-14
8.000000000000000000e+03 1.417329258401878178e-06 9.335009053756948560e-06 4.240805537847336382e-07 5.912070832891913597e-09 1.229200119468032426e-08 2.641138176218138511e-14 1.352615640826115850e-06 8.877756954461801797e-06 4.022266466563451104e-07 5.912070832891913597e-09 1.229200119468032426e-08 2.641138176218138511e-14
9.000000000000000000e+03 9.809482435230165720e-07 5.905350462853675708e-06 2.046077582917860127e-07 1.163904528311832109e-10 4.189638858065336535e-08 3.083730215625024584e-10 9.709822279546642676e-07 5.179320396564435214e-06 1.941540119787532603e-07 1.163904528311832109e-10 4.189638858065336535e-08 3.083730215625024584e-10
1.000000000000000000e+04 1.311301957684918307e-06 4.316101239965064451e-06 2.550035276271955809e-07 8.621178494649939239e-06 1.344432343231005689e-10 1.275405452361155767e-06 1.283065444113162812e-06 3.555797093213186599e-06 2.466332773565227399e-07 8.621178494649939239e-06 1.344432343231005689e-10 1.275405452361155767e-06
1.100000000000000000e+04 9.511511962045915425e-06 6.523396677948767319e-06 1.958392886081128381e-06 4.714820533990859985e-09 2.865126816686824895e-06 1.020549234453937970e-06 8.480880751449149102e-06 5.664953278028406203e-06 1.866516186055378057e-06 4.714820533990859985e-09 2.865126816686824895e-06 1.020549234453937970e-06
1.200000000000000000e+04 5.102403406453959178e-07 1.795276034499693196e-06 1.084616840785201930e-07 6.190248313941992819e-11 2.901153273171530600e-08 1.114012423975019317e-10 4.805709750144160353e-07 1.368914468002913054e-06 1.092721575446375937e-07 6.190248313941992819e-11 2.901153273171530600e-08 1.114012423975019317e-10
1.300000000000000000e+04 4.045118089379684534e-07 1.183068775389983784e-06 7.192703321834414965e-08 2.063451631784118945e-10 2.245775476694689132e-08 1.639855785884325456e-12 3.603221045977988979e-07 8.594244604864798021e-07 7.259905032697133720e-08 2.063451631784118945e-10 2.245775476694689132e-08 1.639855785884325456e-12
1.400000000000000000e+04 3.584572709769417997e-07 7.757213325021439232e-07 5.613125964032406046e-08 1.378911207439159625e-09 1.918889580565519282e-08 6.880007674681110075e-10 2.921757129570323741e-07 5.593395826508640312e-07 5.695880389566809754e-08 1.378911207439159625e-09 1.918889580565519282e-08 6.880007674681110075e-10
1.500000000000000000e+04 4.493641245062462986e-05 1.691377292445395142e-05 7.306782936211675406e-05 5.893753041164018214e-07 1.797170170902973041e-06 3.759017541682396768e-09 4.513944440986961126e-05 1.659509325691033155e-05 7.479781197616830468e-05 5.893753041164018214e-07 1.797170170902973041e-06 3.759017541682396768e-09
1.600000000000000000e+04 2.965585679248761153e-07 3.417794403048901586e-07 3.838761841734594782e-08 2.388844677625456825e-11 6.115588035982000292e-09 1.651803693825115715e-14 2.283775728528780746e-07 2.436261468119482743e-07 3.854929886415447982e-08 2.388844677625456825e-11 6.115588035982000292e-09 1.651803693825115715e-14
1.700000000000000000e+04 2.994639544340316206e-05 2.932454663095995784e-06 7.106576958904042840e-06 2.799271669573499821e-06 2.672031769179739058e-06 6.797524179091851693e-07 2.871730248443782330e-05 2.966794909298187122e-06 6.930213203304447234e-06 2.799271669573499821e-06 2.672031769179739058e-06 6.797524179091851693e-07
1.800000000000000000e+04 2.222537460738749360e-07 1.565110494539112551e-07 3.709208584723455715e-08 5.293401272865594365e-10 2.360977635618155546e-09 3.143713067643716386e-10 1.642206086671649246e-07 1.080558931221275998e-07 3.882454890913322743e-08 5.293401272865594365e-10 2.360977635618155546e-09 3.143713067643716386e-10
1.900000000000000000e+04 2.058493890899626422e-07 1.121014818750154518e-07 2.452101632854919444e-08 1.801026883185841143e-09 1.147136829970918370e-09 5.962303567530469195e-11 1.497774348990787985e-07 8.028587217268068343e-08 2.451258218627572205e-08 1.801026883185841143e-09 1.147136829970918370e-09 5.962303567530469195e-11
2.000000000000000000e+04 1.624500146135687828e-05 5.425454219221137464e-06 2.407519787084311247e-06 5.922689538806480414e-08 2.393942168055218644e-06 8.212113584704638924e-07 1.500644884799839929e-05 5.330630756361642852e-06 2.396562194917351007e-06 5.922689538806480414e-08 2.393942168055218644e-06 8.212113584704638924e-07
